1,0,3
1,1,6
1,2,2
1,3,2
1,4,0
1,5,3
1,6,4
1,7,7
1,8,26
1,9,3
1,10,4
1,11,0
1,12,0
1,13,4
1,14,1
1,15,5
1,16,3
1,17,20
1,18,3
1,19,0
1,20,6
1,21,2
1,22,4
1,23,7
1,24,7
1,25,2
1,26,1
1,27,12
1,28,2
1,29,3
1,30,1
1,31,0
1,32,2
1,33,1
1,34,1
1,35,0
1,36,6
1,37,2
1,38,1
1,39,0
1,40,2
1,41,1
1,42,4
1,43,3
1,44,10
1,45,2
1,46,3
1,47,1
1,48,3
1,49,3
1,50,2
1,51,5
1,52,10
1,53,1
1,54,2
1,55,8
1,56,1
1,57,2
1,58,4
1,59,2
1,60,3
1,61,3
2,0,10
2,1,2
2,2,0
2,3,1
2,4,1
2,5,0
2,6,3
2,7,1
2,8,1
2,9,6
2,10,9
2,11,2
2,12,1
2,13,0
2,14,6
2,15,2
2,16,5
2,17,4
2,18,1
2,19,2
2,20,22
2,21,5
2,22,13
2,23,1
2,24,8
2,25,3
2,26,5
2,27,12
2,28,6
2,29,6
2,30,5
2,31,1
2,32,0
2,33,1
2,34,2
2,35,5
2,36,1
2,37,9
2,38,0
2,39,1
2,40,0
2,41,7
2,42,1
2,43,9
2,44,22
2,45,2
2,46,3
2,47,1
2,48,4
2,49,0
2,50,4
2,51,6
2,52,4
2,53,6
2,54,5
2,55,0
2,56,5
2,57,7
2,58,0
2,59,1
2,60,1
2,61,0
3,0,0
3,1,0
3,2,0
3,3,0
3,4,0
3,5,0
3,6,0
3,7,0
3,8,0
3,9,1
3,10,0
3,11,0
3,12,0
3,13,0
3,14,0
3,15,1
3,16,0
3,17,1
3,18,0
3,19,0
3,20,0
3,21,0
3,22,0
3,23,1
3,24,0
3,25,0
3,26,0
3,27,0
3,28,0
3,29,0
3,30,0
3,31,0
3,32,0
3,33,0
3,34,1
3,35,2
3,36,0
3,37,0
3,38,0
3,39,0
3,40,0
3,41,0
3,42,0
3,43,0
3,44,1
3,45,0
3,46,0
3,47,0
3,48,1
3,49,0
3,50,0
3,51,1
3,52,0
3,53,8
3,54,0
3,55,0
3,56,2
3,57,1
3,58,0
3,59,0
3,60,0
3,61,0
4,0,2
4,1,0
4,2,0
4,3,0
4,4,0
4,5,1
4,6,2
4,7,18
4,8,1
4,9,0
4,10,1
4,11,0
4,12,1
4,13,1
4,14,1
4,15,1
4,16,1
4,17,0
4,18,0
4,19,0
4,20,0
4,21,1
4,22,1
4,23,2
4,24,0
4,25,2
4,26,1
4,27,2
4,28,1
4,29,3
4,30,1
4,31,1
4,32,0
4,33,0
4,34,0
4,35,2
4,36,0
4,37,1
4,38,2
4,39,0
4,40,1
4,41,1
4,42,1
4,43,6
4,44,1
4,45,3
4,46,1
4,47,1
4,48,1
4,49,0
4,50,2
4,51,2
4,52,1
4,53,0
4,54,1
4,55,2
4,56,0
4,57,5
4,58,3
4,59,1
4,60,0
4,61,0
5,0,0
5,1,2
5,2,3
5,3,2
5,4,0
5,5,8
5,6,4
5,7,2
5,8,1
5,9,2
5,10,1
5,11,0
5,12,3
5,13,4
5,14,4
5,15,5
5,16,2
5,17,3
5,18,2
5,19,0
5,20,5
5,21,4
5,22,4
5,23,4
5,24,0
5,25,2
5,26,4
5,27,6
5,28,2
5,29,21
5,30,3
5,31,4
5,32,1
5,33,3
5,34,3
5,35,4
5,36,8
5,37,0
5,38,1
5,39,2
5,40,9
5,41,5
5,42,0
5,43,5
5,44,7
5,45,2
5,46,0
5,47,2
5,48,1
5,49,16
5,50,2
5,51,9
5,52,1
5,53,0
5,54,1
5,55,10
5,56,1
5,57,6
5,58,5
5,59,3
5,60,0
5,61,4
6,0,1
6,1,0
6,2,0
6,3,0
6,4,0
6,5,0
6,6,0
6,7,0
6,8,0
6,9,1
6,10,0
6,11,0
6,12,1
6,13,1
6,14,0
6,15,1
6,16,0
6,17,0
6,18,0
6,19,0
6,20,0
6,21,2
6,22,0
6,23,7
6,24,0
6,25,0
6,26,1
6,27,0
6,28,1
6,29,6
6,30,0
6,31,0
6,32,0
6,33,0
6,34,0
6,35,0
6,36,0
6,37,0
6,38,0
6,39,0
6,40,1
6,41,0
6,42,0
6,43,1
6,44,0
6,45,0
6,46,0
6,47,0
6,48,1
6,49,7
6,50,0
6,51,0
6,52,0
6,53,0
6,54,0
6,55,0
6,56,0
6,57,0
6,58,1
6,59,1
6,60,0
6,61,0
7,0,0
7,1,0
7,2,1
7,3,0
7,4,0
7,5,2
7,6,6
7,7,2
7,8,2
7,9,1
7,10,1
7,11,0
7,12,3
7,13,1
7,14,0
7,15,0
7,16,0
7,17,0
7,18,0
7,19,0
7,20,3
7,21,4
7,22,0
7,23,0
7,24,0
7,25,11
7,26,0
7,27,0
7,28,1
7,29,0
7,30,0
7,31,1
7,32,0
7,33,0
7,34,0
7,35,1
7,36,1
7,37,0
7,38,0
7,39,0
7,40,0
7,41,0
7,42,0
7,43,1
7,44,0
7,45,0
7,46,1
7,47,0
7,48,2
7,49,0
7,50,0
7,51,0
7,52,0
7,53,0
7,54,0
7,55,1
7,56,0
7,57,1
7,58,3
7,59,1
7,60,0
7,61,0
8,0,3
8,1,9
8,2,3
8,3,0
8,4,0
8,5,11
8,6,0
8,7,22
8,8,2
8,9,3
8,10,0
8,11,0
8,12,4
8,13,17
8,14,0
8,15,4
8,16,8
8,17,1
8,18,2
8,19,0
8,20,6
8,21,11
8,22,2
8,23,12
8,24,20
8,25,8
8,26,0
8,27,31
8,28,2
8,29,0
8,30,17
8,31,1
8,32,2
8,33,1
8,34,1
8,35,6
8,36,7
8,37,35
8,38,0
8,39,0
8,40,2
8,41,8
8,42,4
8,43,11
8,44,8
8,45,1
8,46,0
8,47,5
8,48,9
8,49,4
8,50,16
8,51,10
8,52,3
8,53,25
8,54,7
8,55,3
8,56,7
8,57,5
8,58,12
8,59,0
8,60,0
8,61,0
9,0,2
9,1,1
9,2,1
9,3,0
9,4,0
9,5,1
9,6,0
9,7,1
9,8,1
9,9,3
9,10,0
9,11,0
9,12,1
9,13,0
9,14,10
9,15,1
9,16,2
9,17,0
9,18,0
9,19,0
9,20,0
9,21,4
9,22,21
9,23,0
9,24,8
9,25,2
9,26,0
9,27,5
9,28,6
9,29,1
9,30,0
9,31,1
9,32,0
9,33,0
9,34,5
9,35,2
9,36,2
9,37,1
9,38,5
9,39,0
9,40,0
9,41,0
9,42,1
9,43,1
9,44,1
9,45,4
9,46,0
9,47,2
9,48,3
9,49,1
9,50,3
9,51,1
9,52,3
9,53,0
9,54,1
9,55,1
9,56,5
9,57,1
9,58,1
9,59,1
9,60,0
9,61,2
10,0,0
10,1,0
10,2,1
10,3,1
10,4,0
10,5,0
10,6,1
10,7,11
10,8,1
10,9,1
10,10,0
10,11,0
10,12,0
10,13,0
10,14,0
10,15,1
10,16,1
10,17,0
10,18,0
10,19,0
10,20,0
10,21,0
10,22,0
10,23,0
10,24,1
10,25,0
10,26,0
10,27,0
10,28,0
10,29,0
10,30,0
10,31,0
10,32,0
10,33,0
10,34,0
10,35,1
10,36,1
10,37,2
10,38,0
10,39,0
10,40,0
10,41,0
10,42,0
10,43,1
10,44,0
10,45,0
10,46,0
10,47,0
10,48,0
10,49,0
10,50,0
10,51,0
10,52,0
10,53,0
10,54,0
10,55,0
10,56,2
10,57,0
10,58,0
10,59,1
10,60,0
10,61,0
11,0,0
11,1,11
11,2,0
11,3,1
11,4,0
11,5,0
11,6,1
11,7,2
11,8,1
11,9,1
11,10,6
11,11,0
11,12,0
11,13,0
11,14,0
11,15,5
11,16,3
11,17,0
11,18,0
11,19,1
11,20,2
11,21,7
11,22,1
11,23,1
11,24,0
11,25,0
11,26,0
11,27,1
11,28,4
11,29,0
11,30,0
11,31,0
11,32,0
11,33,0
11,34,2
11,35,10
11,36,9
11,37,9
11,38,0
11,39,0
11,40,2
11,41,0
11,42,5
11,43,3
11,44,0
11,45,1
11,46,1
11,47,3
11,48,0
11,49,0
11,50,3
11,51,0
11,52,8
11,53,0
11,54,2
11,55,1
11,56,3
11,57,4
11,58,6
11,59,1
11,60,0
11,61,0
12,0,0
12,1,0
12,2,2
12,3,0
12,4,0
12,5,1
12,6,4
12,7,0
12,8,0
12,9,11
12,10,0
12,11,0
12,12,0
12,13,3
12,14,0
12,15,0
12,16,2
12,17,2
12,18,1
12,19,5
12,20,6
12,21,0
12,22,10
12,23,0
12,24,16
12,25,3
12,26,0
12,27,27
12,28,2
12,29,0
12,30,4
12,31,1
12,32,0
12,33,0
12,34,0
12,35,0
12,36,1
12,37,1
12,38,0
12,39,0
12,40,0
12,41,0
12,42,0
12,43,11
12,44,0
12,45,2
12,46,2
12,47,0
12,48,3
12,49,1
12,50,0
12,51,0
12,52,7
12,53,0
12,54,0
12,55,0
12,56,2
12,57,7
12,58,0
12,59,0
12,60,0
12,61,0
13,0,0
13,1,1
13,2,5
13,3,0
13,4,0
13,5,0
13,6,0
13,7,0
13,8,0
13,9,0
13,10,0
13,11,0
13,12,0
13,13,0
13,14,0
13,15,1
13,16,0
13,17,0
13,18,0
13,19,0
13,20,0
13,21,0
13,22,0
13,23,0
13,24,1
13,25,0
13,26,0
13,27,0
13,28,0
13,29,0
13,30,0
13,31,0
13,32,0
13,33,0
13,34,0
13,35,0
13,36,1
13,37,0
13,38,0
13,39,0
13,40,0
13,41,0
13,42,0
13,43,0
13,44,0
13,45,1
13,46,0
13,47,0
13,48,0
13,49,10
13,50,0
13,51,0
13,52,0
13,53,0
13,54,0
13,55,1
13,56,0
13,57,1
13,58,0
13,59,0
13,60,0
13,61,0
14,0,0
14,1,0
14,2,0
14,3,0
14,4,0
14,5,4
14,6,1
14,7,3
14,8,2
14,9,1
14,10,0
14,11,0
14,12,0
14,13,0
14,14,2
14,15,0
14,16,0
14,17,1
14,18,0
14,19,0
14,20,0
14,21,0
14,22,1
14,23,1
14,24,1
14,25,0
14,26,1
14,27,1
14,28,0
14,29,5
14,30,0
14,31,0
14,32,0
14,33,0
14,34,3
14,35,1
14,36,2
14,37,0
14,38,0
14,39,0
14,40,0
14,41,5
14,42,0
14,43,0
14,44,0
14,45,2
14,46,0
14,47,0
14,48,0
14,49,0
14,50,0
14,51,0
14,52,0
14,53,0
14,54,1
14,55,1
14,56,0
14,57,2
14,58,1
14,59,0
14,60,0
14,61,1
15,0,0
15,1,0
15,2,0
15,3,0
15,4,0
15,5,0
15,6,0
15,7,0
15,8,0
15,9,3
15,10,4
15,11,0
15,12,0
15,13,15
15,14,0
15,15,5
15,16,0
15,17,0
15,18,0
15,19,0
15,20,5
15,21,0
15,22,0
15,23,0
15,24,0
15,25,0
15,26,0
15,27,6
15,28,0
15,29,0
15,30,0
15,31,0
15,32,0
15,33,0
15,34,0
15,35,0
15,36,0
15,37,1
15,38,0
15,39,0
15,40,0
15,41,0
15,42,0
15,43,0
15,44,0
15,45,0
15,46,1
15,47,0
15,48,0
15,49,1
15,50,0
15,51,0
15,52,0
15,53,0
15,54,0
15,55,0
15,56,3
15,57,0
15,58,0
15,59,0
15,60,0
15,61,0
16,0,0
16,1,0
16,2,0
16,3,0
16,4,0
16,5,0
16,6,6
16,7,0
16,8,0
16,9,0
16,10,0
16,11,0
16,12,0
16,13,1
16,14,0
16,15,0
16,16,0
16,17,0
16,18,0
16,19,0
16,20,0
16,21,0
16,22,0
16,23,1
16,24,8
16,25,0
16,26,0
16,27,0
16,28,0
16,29,0
16,30,0
16,31,0
16,32,0
16,33,0
16,34,0
16,35,0
16,36,0
16,37,0
16,38,0
16,39,0
16,40,0
16,41,0
16,42,0
16,43,0
16,44,1
16,45,13
16,46,0
16,47,0
16,48,0
16,49,0
16,50,0
16,51,0
16,52,0
16,53,0
16,54,0
16,55,0
16,56,0
16,57,0
16,58,0
16,59,0
16,60,0
16,61,0
17,0,0
17,1,0
17,2,0
17,3,0
17,4,0
17,5,0
17,6,0
17,7,0
17,8,0
17,9,0
17,10,2
17,11,0
17,12,1
17,13,0
17,14,1
17,15,0
17,16,0
17,17,0
17,18,0
17,19,0
17,20,0
17,21,0
17,22,0
17,23,2
17,24,4
17,25,0
17,26,0
17,27,0
17,28,0
17,29,0
17,30,0
17,31,0
17,32,0
17,33,0
17,34,1
17,35,5
17,36,0
17,37,0
17,38,0
17,39,0
17,40,0
17,41,2
17,42,0
17,43,0
17,44,2
17,45,3
17,46,0
17,47,0
17,48,0
17,49,0
17,50,0
17,51,0
17,52,0
17,53,0
17,54,0
17,55,0
17,56,0
17,57,0
17,58,0
17,59,0
17,60,0
17,61,0
18,0,0
18,1,0
18,2,0
18,3,0
18,4,0
18,5,0
18,6,0
18,7,5
18,8,0
18,9,0
18,10,0
18,11,0
18,12,0
18,13,1
18,14,5
18,15,3
18,16,0
18,17,0
18,18,0
18,19,0
18,20,0
18,21,0
18,22,0
18,23,0
18,24,0
18,25,0
18,26,0
18,27,0
18,28,0
18,29,0
18,30,0
18,31,0
18,32,0
18,33,0
18,34,0
18,35,0
18,36,0
18,37,0
18,38,0
18,39,0
18,40,0
18,41,0
18,42,0
18,43,0
18,44,0
18,45,0
18,46,0
18,47,0
18,48,0
18,49,0
18,50,0
18,51,0
18,52,0
18,53,0
18,54,0
18,55,0
18,56,0
18,57,0
18,58,0
18,59,0
18,60,0
18,61,0
19,0,0
19,1,0
19,2,0
19,3,0
19,4,0
19,5,0
19,6,0
19,7,0
19,8,0
19,9,0
19,10,0
19,11,0
19,12,0
19,13,0
19,14,0
19,15,0
19,16,0
19,17,0
19,18,0
19,19,0
19,20,0
19,21,0
19,22,0
19,23,0
19,24,0
19,25,0
19,26,0
19,27,0
19,28,0
19,29,1
19,30,0
19,31,0
19,32,0
19,33,0
19,34,0
19,35,0
19,36,0
19,37,0
19,38,0
19,39,0
19,40,0
19,41,0
19,42,0
19,43,0
19,44,0
19,45,0
19,46,0
19,47,0
19,48,0
19,49,0
19,50,0
19,51,0
19,52,0
19,53,0
19,54,0
19,55,0
19,56,0
19,57,0
19,58,0
19,59,0
19,60,0
19,61,0
20,0,0
20,1,0
20,2,0
20,3,0
20,4,0
20,5,0
20,6,0
20,7,0
20,8,0
20,9,0
20,10,0
20,11,0
20,12,0
20,13,1
20,14,0
20,15,0
20,16,0
20,17,0
20,18,0
20,19,0
20,20,0
20,21,0
20,22,0
20,23,0
20,24,1
20,25,0
20,26,0
20,27,0
20,28,0
20,29,0
20,30,0
20,31,0
20,32,0
20,33,0
20,34,0
20,35,0
20,36,0
20,37,0
20,38,0
20,39,0
20,40,0
20,41,0
20,42,0
20,43,0
20,44,0
20,45,0
20,46,1
20,47,0
20,48,0
20,49,0
20,50,0
20,51,0
20,52,0
20,53,0
20,54,0
20,55,0
20,56,0
20,57,1
20,58,0
20,59,0
20,60,0
20,61,0
21,0,0
21,1,0
21,2,0
21,3,0
21,4,0
21,5,0
21,6,3
21,7,3
21,8,0
21,9,8
21,10,0
21,11,0
21,12,0
21,13,0
21,14,0
21,15,0
21,16,0
21,17,0
21,18,0
21,19,1
21,20,0
21,21,0
21,22,0
21,23,0
21,24,0
21,25,0
21,26,0
21,27,0
21,28,1
21,29,1
21,30,0
21,31,0
21,32,0
21,33,0
21,34,0
21,35,0
21,36,0
21,37,0
21,38,2
21,39,0
21,40,0
21,41,0
21,42,1
21,43,0
21,44,0
21,45,0
21,46,0
21,47,0
21,48,0
21,49,0
21,50,3
21,51,0
21,52,0
21,53,0
21,54,0
21,55,0
21,56,0
21,57,0
21,58,1
21,59,0
21,60,0
21,61,0
22,0,0
22,1,0
22,2,0
22,3,0
22,4,0
22,5,0
22,6,1
22,7,2
22,8,10
22,9,1
22,10,0
22,11,0
22,12,0
22,13,0
22,14,0
22,15,10
22,16,3
22,17,10
22,18,0
22,19,0
22,20,4
22,21,11
22,22,0
22,23,0
22,24,14
22,25,0
22,26,4
22,27,0
22,28,1
22,29,0
22,30,0
22,31,1
22,32,0
22,33,1
22,34,0
22,35,0
22,36,0
22,37,2
22,38,4
22,39,0
22,40,0
22,41,0
22,42,0
22,43,0
22,44,0
22,45,6
22,46,1
22,47,1
22,48,0
22,49,0
22,50,0
22,51,0
22,52,0
22,53,0
22,54,0
22,55,0
22,56,0
22,57,0
22,58,0
22,59,0
22,60,0
22,61,0
23,0,0
23,1,0
23,2,0
23,3,0
23,4,0
23,5,0
23,6,0
23,7,0
23,8,0
23,9,0
23,10,0
23,11,0
23,12,0
23,13,0
23,14,0
23,15,0
23,16,0
23,17,2
23,18,0
23,19,0
23,20,0
23,21,0
23,22,0
23,23,0
23,24,0
23,25,0
23,26,0
23,27,0
23,28,0
23,29,0
23,30,0
23,31,0
23,32,0
23,33,0
23,34,0
23,35,0
23,36,0
23,37,0
23,38,2
23,39,0
23,40,0
23,41,1
23,42,0
23,43,0
23,44,0
23,45,0
23,46,0
23,47,0
23,48,0
23,49,0
23,50,0
23,51,0
23,52,0
23,53,0
23,54,0
23,55,0
23,56,0
23,57,0
23,58,0
23,59,0
23,60,0
23,61,0
